0.106968	-0.171889	-0.979292	0.985919	0.145666	0.082124	0.128533	-0.974287	0.185050	
0.877301	-0.444420	-0.181200	-0.469659	-0.717244	-0.514763	0.098806	0.536705	-0.837965	
-0.978060	0.200019	-0.058235	-0.183098	-0.692019	0.698273	0.099368	0.693615	0.713459	
0.320005	0.198727	-0.926339	-0.705667	0.702402	-0.093088	0.632164	0.683476	0.365007	
-0.141350	0.791609	-0.594453	0.242879	0.609860	0.754374	0.959703	-0.037749	-0.278469	
-0.721531	-0.432574	-0.540622	0.366544	0.423780	-0.828285	0.587400	-0.795795	-0.147213	
-0.140420	0.143583	-0.979626	0.989950	0.037115	-0.136460	0.016766	-0.988942	-0.147352	
0.374226	0.905875	-0.198356	0.692116	-0.130477	0.709895	0.617196	-0.402947	-0.675798	
0.445622	0.816883	-0.366229	0.113931	0.354017	0.928273	0.887942	-0.455384	0.064689	
-0.222956	0.415487	-0.881851	0.834786	0.548531	0.047386	0.503411	-0.725592	-0.469141	
-0.631748	0.424732	-0.648457	-0.695356	0.059212	0.716222	0.342598	0.903381	0.257933	
-0.314104	-0.791379	-0.524460	0.870698	-0.019918	-0.491415	0.378449	-0.611002	0.695308	
-0.945025	0.157590	-0.286519	-0.326670	-0.415776	0.848774	0.014630	0.895710	0.444398	
0.769117	0.095847	-0.631880	0.170571	0.922044	0.347477	0.615926	-0.375031	0.692811	
-0.532771	-0.633175	-0.561466	0.224037	0.534265	-0.815088	0.816065	-0.560045	-0.142786	
0.453903	-0.884428	-0.108439	0.404951	0.313154	-0.859040	0.793717	0.346008	0.500292	
0.777001	0.187734	-0.600853	-0.256522	0.966076	-0.029879	0.574861	0.177348	0.798801	
-0.202178	-0.232624	-0.951320	0.973449	0.058725	-0.221241	0.107332	-0.970792	0.214575	
-0.036586	-0.220103	-0.974790	-0.371623	0.908485	-0.191184	0.927662	0.355260	-0.115033	
-0.011336	0.704831	-0.709285	0.384297	0.657924	0.647651	0.923140	-0.265235	-0.278322	
0.843779	-0.460903	-0.274965	0.227121	0.770848	-0.595155	0.486265	0.439729	0.755106	
0.789873	-0.606024	-0.094000	-0.572874	-0.674414	-0.465813	0.218899	0.421783	-0.879876	
-0.858449	-0.273782	-0.433715	-0.027874	0.869268	-0.493554	0.512141	-0.411602	-0.753854	
0.929242	0.008070	-0.369383	-0.328980	0.473127	-0.817265	0.168169	0.880957	0.442305	
0.810343	0.063251	-0.582532	0.565336	0.177018	0.805643	0.154076	-0.982173	0.107687	
-0.411538	0.049607	-0.910042	0.872630	0.309557	-0.377746	0.262971	-0.949586	-0.170683	
-0.732705	0.663719	-0.150405	0.354033	0.560487	0.748675	0.581210	0.495310	-0.645650	
0.833711	-0.481143	-0.270974	-0.549279	-0.672168	-0.496470	0.056733	0.562753	-0.824676	
0.525694	0.412625	-0.743900	0.758175	0.169300	0.629689	0.385767	-0.895030	-0.223843	
0.478560	-0.731182	-0.486162	-0.507955	0.221089	-0.832528	0.716214	0.645363	-0.265603	
-0.585584	0.382625	-0.714626	-0.672655	0.262600	0.691793	0.452357	0.885799	0.103600	
0.788992	0.069359	-0.610475	0.288335	0.835599	0.467587	0.542544	-0.544944	0.639283	
-0.931441	0.336217	-0.139196	0.311659	0.934534	0.171800	0.187845	0.116639	-0.975248	
-0.111238	0.990171	-0.084785	-0.221497	0.058466	0.973407	0.968796	0.127059	0.212817	
-0.295048	0.919970	-0.258074	0.927541	0.340615	0.153782	0.229378	-0.194001	-0.953808	
-0.526501	-0.255841	-0.810767	0.530873	0.645943	-0.548572	0.664056	-0.719238	-0.204271	
2.0 2.0 2.0 2.0 2.0 2.0 2.0 2.0 2.0
0.105600	-0.168117	-0.980094	0.986821	0.139244	0.082440	0.122612	-0.975883	0.180606	
0.867408	-0.460718	-0.187994	-0.487143	-0.709214	-0.509615	0.101461	0.533624	-0.839613	
-0.975863	0.209481	-0.061718	-0.192442	-0.691288	0.696482	0.103235	0.691548	0.714915	
0.322464	0.195578	-0.926157	-0.695226	0.712943	-0.091507	0.642400	0.673396	0.365869	
-0.124075	0.790759	-0.599422	0.255266	0.609195	0.750814	0.958877	-0.059855	-0.277440	
-0.729949	-0.422586	-0.537212	0.370696	0.415573	-0.830592	0.574247	-0.805432	-0.146696	
-0.138468	0.143144	-0.979967	0.990237	0.036037	-0.134656	0.016040	-0.989046	-0.146737	
0.378863	0.903801	-0.199014	0.691109	-0.133287	0.710355	0.615493	-0.406668	-0.675122	
0.445687	0.817155	-0.365541	0.114294	0.353054	0.928595	0.887863	-0.455642	0.063956	
-0.215150	0.423409	-0.880020	0.846553	0.530127	0.048095	0.486887	-0.734636	-0.472494	
-0.620966	0.436196	-0.651256	-0.696223	0.074771	0.713921	0.360105	0.896740	0.257259	
-0.331091	-0.784296	-0.524651	0.869280	-0.037234	-0.492916	0.367057	-0.619269	0.694100	
-0.942458	0.161499	-0.292730	-0.333973	-0.414678	0.846466	0.015315	0.895522	0.444753	
0.770223	0.097813	-0.630229	0.170621	0.920550	0.351393	0.614528	-0.378181	0.692340	
-0.538848	-0.628640	-0.560762	0.224720	0.534280	-0.814890	0.811877	-0.565117	-0.146628	
0.449606	-0.886829	-0.106715	0.410441	0.311227	-0.857132	0.793342	0.341571	0.503921	
0.781142	0.179956	-0.597857	-0.244600	0.969224	-0.027849	0.574446	0.167990	0.801118	
-0.205743	-0.229418	-0.951334	0.973314	0.052990	-0.223276	0.101635	-0.971884	0.212393	
-0.033817	-0.222019	-0.974456	-0.366736	0.909756	-0.194551	0.929710	0.350788	-0.112188	
-0.004553	0.702703	-0.711469	0.390891	0.656118	0.645534	0.920426	-0.275167	-0.277667	
0.838485	-0.472727	-0.271058	0.238675	0.765766	-0.597190	0.489875	0.436040	0.754912	
0.777222	-0.621681	-0.097155	-0.588112	-0.662826	-0.463450	0.223722	0.417341	-0.880781	
-0.861021	-0.267465	-0.432557	-0.020947	0.868466	-0.495307	0.508138	-0.417408	-0.753369	
0.929721	0.001427	-0.368262	-0.323853	0.479243	-0.815748	0.175323	0.877681	0.446025	
0.808964	0.055896	-0.585195	0.569328	0.173475	0.803600	0.146435	-0.983251	0.108512	
-0.408701	0.056788	-0.910900	0.878234	0.296036	-0.375589	0.248330	-0.953487	-0.170864	
-0.722181	0.676071	-0.146226	0.361664	0.549266	0.753330	0.589621	0.491156	-0.641180	
0.824101	-0.493889	-0.277365	-0.563442	-0.664406	-0.491017	0.058224	0.560927	-0.825815	
0.535274	0.400353	-0.743774	0.761376	0.152615	0.630091	0.365770	-0.903563	-0.223128	
0.469686	-0.733070	-0.491939	-0.505866	0.233201	-0.830492	0.723529	0.638925	-0.261304	
-0.576133	0.397234	-0.714336	-0.665572	0.279281	0.692109	0.474430	0.874190	0.103485	
0.793782	0.063673	-0.604860	0.290224	0.834319	0.468702	0.534490	-0.547592	0.643789	
-0.926398	0.350526	-0.137541	0.326436	0.929688	0.170644	0.187685	0.113186	-0.975686	
-0.092774	0.992234	-0.082847	-0.222605	0.060430	0.973034	0.970484	0.108715	0.215270	
-0.283427	0.923027	-0.260173	0.931798	0.329212	0.152879	0.226764	-0.199098	-0.953382	
-0.528831	-0.250686	-0.810860	0.540202	0.637459	-0.549389	0.654614	-0.728562	-0.201687	
2.0 2.0 2.0 2.0 2.0 2.0 2.0 2.0 2.0
0.101706	-0.168370	-0.980463	0.987981	0.132417	0.079746	0.116404	-0.976789	0.179814	
0.857401	-0.476863	-0.193559	-0.503847	-0.701121	-0.504546	0.104891	0.530123	-0.841408	
-0.973388	0.219509	-0.065813	-0.202674	-0.690578	0.694280	0.106951	0.689142	0.716690	
0.325540	0.191913	-0.925847	-0.689024	0.718709	-0.093293	0.647510	0.668302	0.366202	
-0.106466	0.789920	-0.603897	0.267670	0.607697	0.747701	0.957610	-0.082040	-0.276137	
-0.739846	-0.403022	-0.538703	0.380807	0.409241	-0.829161	0.554630	-0.818593	-0.149302	
-0.136803	0.142402	-0.980310	0.990471	0.035521	-0.133061	0.015874	-0.989171	-0.145904	
0.382711	0.902007	-0.199789	0.690295	-0.135461	0.710734	0.614023	-0.409919	-0.674494	
0.446341	0.817215	-0.364608	0.114419	0.351983	0.928987	0.887518	-0.456363	0.063600	
-0.203775	0.431749	-0.878674	0.859675	0.508347	0.050414	0.468438	-0.745101	-0.474753	
-0.609898	0.447864	-0.653791	-0.696368	0.090924	0.711902	0.378281	0.889466	0.256424	
-0.347686	-0.776653	-0.525286	0.867619	-0.054107	-0.494276	0.355459	-0.627601	0.692651	
-0.939953	0.163571	-0.299555	-0.341018	-0.414170	0.843901	0.013971	0.895381	0.445081	
0.771284	0.100374	-0.628527	0.169937	0.919166	0.355323	0.613386	-0.380865	0.691881	
-0.544803	-0.627118	-0.556699	0.224291	0.530709	-0.817338	0.808012	-0.570151	-0.148475	
0.445189	-0.889339	-0.104318	0.416811	0.308926	-0.854888	0.792512	0.337106	0.508217	
0.785487	0.172691	-0.594297	-0.232966	0.972153	-0.025423	0.573357	0.158421	0.803844	
-0.209022	-0.226606	-0.951294	0.972938	0.049790	-0.225638	0.098496	-0.972713	0.210066	
-0.031515	-0.223826	-0.974119	-0.361026	0.911354	-0.197724	0.932023	0.345452	-0.109528	
0.005150	0.702161	-0.712000	0.393808	0.653048	0.646872	0.919178	-0.283723	-0.273154	
0.833823	-0.483436	-0.266512	0.249286	0.760503	-0.599576	0.492540	0.433502	0.754639	
0.764686	-0.636495	-0.100643	-0.602769	-0.651276	-0.460986	0.227869	0.413174	-0.881682	
-0.864237	-0.257799	-0.432012	-0.010688	0.867941	-0.496553	0.502972	-0.424522	-0.752861	
0.930154	-0.005352	-0.367131	-0.318577	0.485352	-0.814213	0.182546	0.874302	0.449747	
0.807798	0.048305	-0.587477	0.573038	0.169259	0.801860	0.138169	-0.984387	0.109046	
-0.406711	0.061289	-0.911499	0.882950	0.282471	-0.374979	0.234490	-0.957316	-0.168999	
-0.713481	0.686370	-0.140858	0.367729	0.537926	0.758558	0.596423	0.489420	-0.636198	
0.814849	-0.505622	-0.283490	-0.576650	-0.657169	-0.485391	0.059124	0.558995	-0.827061	
0.544335	0.388239	-0.743619	0.763926	0.136819	0.630632	0.346578	-0.911346	-0.222111	
0.470265	-0.735279	-0.488073	-0.502669	0.231401	-0.832933	0.725379	0.637039	-0.260782	
-0.563095	0.410111	-0.717449	-0.662866	0.294290	0.688478	0.493490	0.863251	0.106135	
0.798281	0.057557	-0.599529	0.293216	0.832354	0.470330	0.526091	-0.551247	0.647576	
-0.920642	0.366003	-0.135868	0.342353	0.924129	0.169646	0.187651	0.109668	-0.976094	
-0.073213	0.993991	-0.081375	-0.223635	0.063154	0.972625	0.971919	0.089407	0.217667	
-0.271414	0.926060	-0.262195	0.936004	0.317406	0.152149	0.224121	-0.204120	-0.952945	
-0.533291	-0.235094	-0.812608	0.552850	0.630216	-0.545146	0.640279	-0.739972	-0.206117	
2.0 2.0 2.0 2.0 2.0 2.0 2.0 2.0 2.0
